P0: 843.5025024414062 0.0 621.0 0.0 0.0 843.5025024414062 187.0 0.0 0.0 0.0 1.0 0.0
P1: 843.5025024414062 0.0 621.0 0.0 0.0 843.5025024414062 187.0 0.0 0.0 0.0 1.0 0.0
P2: 843.5025024414062 0.0 621.0 0.0 0.0 843.5025024414062 187.0 0.0 0.0 0.0 1.0 0.0
P3: 843.5025024414062 0.0 621.0 0.0 0.0 843.5025024414062 187.0 0.0 0.0 0.0 1.0 0.0
R0_rect: 1.0 0.0 0.0 0.0 1.0 0.0 0.0 0.0 1.0
Tr_velo_to_cam: 0.0 -1.0 0.0 0.0 0.0 0.0 -1.0 0.0 1.0 0.0 0.0 0.0
Tr_imu_to_velo: 0.0 -1.0 0.0 0.0 0.0 0.0 -1.0 0.0 1.0 0.0 0.0 0.0
